c100k_ar_padt_cos	0.9778835997215027	0.9420743214913933	0.9596450198483737	0.259896160587321
c100k_ar_padt_jw	0.8920608333035681	0.947814952416264	0.9190931288214524	0.6067330268858098
c100k_ar_padt_jwxcos	0.98499300373425	0.9381938091835559	0.9610239961977982	0.33294751810575746
c100k_ca_ancora_cos	0.9641808255254884	0.9405615139928795	0.9522247268871745	0.7987854537728833
c100k_ca_ancora_jw	0.8678164691698197	0.9393639718900267	0.9021739133839428	0.8169151234021458
c100k_ca_ancora_jwxcos	0.9788786335627342	0.9351220418364283	0.9565001708647124	0.7742289578980914
c100k_cs_cac_cos	0.9745458111960305	0.9704775673707925	0.9725074346795841	0.843108504398827
c100k_cs_cac_cos	0.975662675512349	0.9706569451509245	0.9731533732243433	0.843475073313783
c100k_cs_cac_jw	0.8883904439444242	0.9785143418224655	0.9312770497618633	0.906983137829912
c100k_cs_cac_jw	0.8883904439444242	0.9785143418224655	0.9312770497618633	0.906983137829912
c100k_cs_cac_jwxcos	0.9896171048896867	0.9656674716412403	0.9774956127023204	0.8123167155425219
c100k_cs_fictree_cos	0.9719728730262687	0.9389474974856746	0.9551748056435011	0.7728251764987436
c100k_cs_fictree_cos	0.9717857590830457	0.9390358079370136	0.955130129544589	0.7730046667464401
c100k_cs_fictree_jw	0.8956730237437149	0.9472542678965318	0.92074179836569	0.8234414263491684
c100k_cs_fictree_jwxcos	0.9879861491912567	0.9320692920158078	0.9592135006468382	0.7284910853176977
c100k_cs_pdt_cos	0.9567192380643603	0.9566173281471496	0.9566682803917445	0.8304851711408553
c100k_cs_pdt_jw	0.8465188774821698	0.9659533010951169	0.9023009719079853	0.8867934004670902
c100k_cs_pdt_jwxcos	0.9826590818157385	0.9497879332040332	0.9659439364782729	0.7981467065116395
c100k_da_ddt_cos	0.9745044451294093	0.9718561578289967	0.973178499802367	0.8581107239643825
c100k_da_ddt_jw	0.8981832840963134	0.9715619272171043	0.9334327235717946	0.8809523809523809
c100k_da_ddt_jwxcos	0.9874790578072359	0.9695119782912424	0.9784130404240534	0.8433991482771971
c100k_en_ewt_cos	0.9855333768666015	0.9662086209022639	0.9757753289153721	0.9057181485605217
c100k_en_ewt_jw	0.9083404887205875	0.9648876614521525	0.9357605798130797	0.9107682519484651
c100k_en_ewt_jwxcos	0.9905784510404768	0.965278629365939	0.9777649083654893	0.9020200413551773
c100k_es_ancora_cos	0.972565645885129	0.9547150657716458	0.9635576893002421	0.8315308774075206
c100k_es_ancora_cos	0.9726434429639429	0.9547339385643356	0.9636054817488956	0.8314735554876185
c100k_es_ancora_jw	0.8662864119652197	0.9606715804821188	0.9110409105991526	0.8666501070009172
c100k_es_ancora_jwxcos	0.985326266352745	0.9477509224294532	0.9661733977814791	0.8050099357994497
c100k_et_edt_cos	0.9485652517423465	0.940880131850428	0.9447070625889314	0.6957788134074206
c100k_et_edt_jw	0.8437647667088658	0.9464424833829365	0.8921590739329336	0.7593654776841728
c100k_et_edt_jwxcos	0.9804208005098918	0.9344634519620899	0.9568906365355513	0.6699677361534325
c100k_fa_seraji_cos	0.9861512450941219	0.8475207506915065	0.9115955802983687	0.791056088933805
c100k_fa_seraji_jw	0.9000663148459892	0.8487825133730403	0.8736724828244662	0.8254800404244568
c100k_fa_seraji_jwxcos	0.9925912556775889	0.8441122445858886	0.9123502325401387	0.772233451237999
c100k_fr_gsd_cos	0.974056388713064	0.9497632648633316	0.9617564455018383	0.8448768197088465
c100k_fr_gsd_jw	0.8724758394696472	0.946816912575042	0.9081274904157675	0.8574188129899216
c100k_fr_gsd_jwxcos	0.9866298002558255	0.9383485732862521	0.9618837054550596	0.7914333706606943
c100k_hi_hdtb_cos	0.9638961161638593	0.9569675864360138	0.9604193557428273	0.8432859130533549
c100k_hi_hdtb_jw	0.8753049374489168	0.9614224663131716	0.9163448315896512	0.8806258341142063
c100k_hi_hdtb_jwxcos	0.9837334707333408	0.9453610792774281	0.9641656347104498	0.7983076355169378
c100k_hr_set_cos	0.9636380515489904	0.9629433646462969	0.9632905828525103	0.7992119940643708
c100k_hr_set_jw	0.887098622072059	0.9705980215769507	0.9269717641686805	0.8662436678094458
c100k_hr_set_jwxcos	0.9874918911216746	0.9556381023809029	0.97130390669027	0.7624213273294785
c100k_it_isdt_cos	0.9769690210951449	0.9443769826804486	0.9603965704262231	0.8220524017467249
c100k_it_isdt_jw	0.8816308406583909	0.9460966181065149	0.9127268431245861	0.8536278132348001
c100k_it_isdt_jw	0.8816308406583909	0.9460966181065149	0.9127268431245861	0.8536278132348001
c100k_it_isdt_jwxcos	0.9903730984682892	0.9369260102224966	0.9629084677052673	0.7911488075243533
c100k_it_postwita_cos	0.9573690469343884	0.9532927578606666	0.9553265541312433	0.8463721118767734
c100k_it_postwita_jw	0.8932834724734013	0.9561348670702272	0.9236411859310839	0.8751520064856101
c100k_it_postwita_jwxcos	0.97217698555109	0.9468149931048432	0.9593283933536222	0.8243210376976084
c100k_ja_gsd_cos	0.9511618933121022	0.9782788481421886	0.9645298157068594	0.9103646331911931
c100k_ja_gsd_jw	0.9502494647700749	0.9759388397065714	0.9629228439651147	0.9061874510486467
c100k_ja_gsd_jwxcos	0.9855898999435232	0.9758421135623091	0.9806917848225409	0.898181185275433
c100k_ko_kaist_cos	0.8808145694590441	0.9996250342785584	0.9364664437384546	0.504312050003956
c100k_ko_kaist_jw	0.8372769780791788	0.9994625985226101	0.9112092262338193	0.7385869135216394
c100k_ko_kaist_jwxcos	0.9535781610997521	0.9992667396309267	0.9758879874882778	0.6571722446396076
c100k_la_ittb_cos	0.9713760331280374	0.8963000039402433	0.9323290817467267	0.6270744111349036
c100k_la_ittb_jw	0.9133627717876168	0.9322786828986357	0.9227237931059126	0.758531852248394
c100k_la_ittb_jwxcos	0.9823243202697997	0.8834409295754777	0.9302622725079882	0.5894673447537473
c100k_la_proiel_cos	0.9679583022588513	0.8828387636301629	0.9234411773840581	0.552693880479231
c100k_la_proiel_cos	0.9679772888598412	0.883163079773386	0.9236272063056397	0.5534112920582538
c100k_la_proiel_jw	0.8848791043888181	0.9180504906577367	0.90115964393602	0.7042112059688643
c100k_la_proiel_jwxcos	0.9872833538927369	0.8715961035136116	0.9258398341949645	0.4876963914197575
c100k_lv_lvtb_cos	0.9704140392350188	0.9534813597995929	0.9618731851666278	0.7656484209438156
c100k_lv_lvtb_jw	0.8774295697965999	0.9618175819474842	0.9176876379563504	0.8386829999483124
c100k_lv_lvtb_jwxcos	0.9879392705568557	0.9451420481515929	0.9660669073635866	0.7263141572336796
c100k_no_bokmaal_cos	0.9655887579813597	0.9704331066531343	0.9680048715091326	0.7485770848799802
c100k_no_bokmaal_jw	0.8759823438484164	0.9705473283848717	0.920843392141264	0.7701888971376722
c100k_no_bokmaal_jwxcos	0.9861139525465543	0.9697139569515805	0.9778451961803281	0.744067750006874
c100k_no_nynorsk_cos	0.9570742006910689	0.964537812911794	0.9607915123283048	0.718048
c100k_no_nynorsk_jw	0.883219530756689	0.9709864507435123	0.925025812615409	0.772096
c100k_no_nynorsk_jwxcos	0.9838014883291745	0.9659988852183947	0.9748189136645423	0.725472
c100k_pl_lfg_cos	0.9697858191401324	0.959835339304462	0.9647849233964044	0.8229683326974437
c100k_pl_lfg_jw	0.8873359205581769	0.9633241445301695	0.9237699918075342	0.8783670354826402
c100k_pl_lfg_jwxcos	0.9900183591824598	0.9496430918127279	0.9694105072645768	0.7745898512018313
c100k_pt_bosque_cos	0.9789090794433051	0.9546900295629479	0.966647878187603	0.8498755875034559
c100k_pt_bosque_jw	0.8971314248610297	0.9549777363142007	0.9251512332528895	0.8697815869505114
c100k_pt_bosque_jwxcos	0.9865401982562224	0.9506694802858939	0.9682727357249218	0.8263754492673486
c100k_ro_nonstandard_cos	0.9481438649931324	0.883607960625116	0.914739054940512	0.6141626278944534
c100k_ro_nonstandard_jw	0.8843050195111669	0.9046926649393842	0.8943826721235142	0.7353257942918686
c100k_ro_nonstandard_jwxcos	0.9715378602725813	0.8746130468343541	0.9205311275658492	0.6005385029617663
c100k_sk_snk_cos	0.9702778544132926	0.9781480812328451	0.9741970728205804	0.8637459807073955
c100k_sk_snk_jw	0.8924818547113946	0.9873618064916835	0.9375274279616757	0.9370578778135048
c100k_sk_snk_jwxcos	0.9900615528070579	0.969850749097583	0.979851943078788	0.8077170418006431
c100k_uk_iu_cos	0.9674185944549305	0.978584367060747	0.9729694472819524	0.879121803499327
c100k_uk_iu_jw	0.8813473689397567	0.9841967747749747	0.9299369740344876	0.9380888290713324
c100k_uk_iu_jwxcos	0.9886386851529371	0.9727763638142609	0.9806433837403168	0.8486709286675639
c100k_ur_udtb_cos	0.967643709310979	0.9597123613297811	0.9636617160004171	0.8703106782799533
c100k_ur_udtb_jw	0.8964115003077096	0.966096757438301	0.9299505010793672	0.906042109594678
c100k_ur_udtb_jwxcos	0.9695876102948963	0.9547732330708416	0.9621233986527825	0.8427405527741582
